620 610 600 590 580 570 560 550 540 530 520 510 500 490 480 470 460 450 440 430 420 416 412 408 404 400 396 392 388 384 380 376 372 368 364 360 356 352 348 344 340 336 332 328 324 320 316 312 308 304 300 304 308 312 316 320 324 328 332 336
616 606 596 586 576 566 556 546 536 526 516 506 496 486 476 466 456 446 436 426 416 406 402 398 394 390 386 382 378 374 370 366 362 358 354 350 346 342 338 334 330 326 322 318 314 310 306 302 298 294 290 294 298 302 306 310 314 318 322 326
612 602 592 582 572 562 552 542 532 522 512 502 492 482 472 462 452 442 432 422 412 402 392 388 384 380 376 372 368 364 360 356 352 348 344 340 336 332 328 324 320 316 312 308 304 300 296 292 288 284 280 284 288 292 296 300 304 308 312 316
608 598 588 578 568 558 548 538 528 518 508 498 488 478 468 458 448 438 428 418 408 398 388 378 374 370 366 362 358 354 350 346 342 338 334 330 326 322 318 314 310 306 302 298 294 290 286 282 278 274 270 274 278 282 286 290 294 298 302 306
604 594 584 574 564 554 544 534 524 514 504 494 484 474 464 454 444 434 424 414 404 394 384 374 364 360 356 352 348 344 340 336 332 328 324 320 316 312 308 304 300 296 292 288 284 280 276 272 268 264 260 264 268 272 276 280 284 288 292 296
600 590 580 570 560 550 540 530 520 510 500 490 480 470 460 450 440 430 420 410 400 390 380 370 360 350 346 342 338 334 330 326 322 318 314 310 306 302 298 294 290 286 282 278 274 270 266 262 258 254 250 254 258 262 266 270 274 278 282 286
596 586 576 566 556 546 536 526 516 506 496 486 476 466 456 446 436 426 416 406 396 386 376 366 356 346 336 332 328 324 320 316 312 308 304 300 296 292 288 284 280 276 272 268 264 260 256 252 248 244 240 244 248 252 256 260 264 268 272 276
592 582 572 562 552 542 532 522 512 502 492 482 472 462 452 442 432 422 412 402 392 382 372 362 352 342 332 322 318 314 310 306 302 298 294 290 286 282 278 274 270 266 262 258 254 250 246 242 238 234 230 234 238 242 246 250 254 258 262 266
588 578 568 558 548 538 528 518 508 498 488 478 468 458 448 438 428 418 408 398 388 378 368 358 348 338 328 318 308 304 300 296 292 288 284 280 276 272 268 264 260 256 252 248 244 240 236 232 228 224 220 224 228 232 236 240 244 248 252 256
584 574 564 554 544 534 524 514 504 494 484 474 464 454 444 434 424 414 404 394 384 374 364 354 344 334 324 314 304 294 290 286 282 278 274 270 266 262 258 254 250 246 242 238 234 230 226 222 218 214 210 214 218 222 226 230 234 238 242 246
580 570 560 550 540 530 520 510 500 490 480 470 460 450 440 430 420 410 400 390 380 370 360 350 340 330 320 310 300 290 280 276 272 268 264 260 256 252 248 244 240 236 232 228 224 220 216 212 208 204 200 204 208 212 216 220 224 228 232 236
576 566 556 546 536 526 516 506 496 486 476 466 456 446 436 426 416 406 396 386 376 366 356 346 336 326 316 306 296 286 276 266 262 258 254 250 246 242 238 234 230 226 222 218 214 210 206 202 198 194 190 194 198 202 206 210 214 218 222 226
572 562 552 542 532 522 512 502 492 482 472 462 452 442 432 422 412 402 392 382 372 362 352 342 332 322 312 302 292 282 272 262 252 248 244 240 236 232 228 224 220 216 212 208 204 200 196 192 188 184 180 184 188 192 196 200 204 208 212 216
568 558 548 538 528 518 508 498 488 478 468 458 448 438 428 418 408 398 388 378 368 358 348 338 328 318 308 298 288 278 268 258 248 238 234 230 226 222 218 214 210 206 202 198 194 190 186 182 178 174 170 174 178 182 186 190 194 198 202 206
564 554 544 534 524 514 504 494 484 474 464 454 444 434 424 414 404 394 384 374 364 354 344 334 324 314 304 294 284 274 264 254 244 234 224 220 216 212 208 204 200 196 192 188 184 180 176 172 168 164 160 164 168 172 176 180 184 188 192 196
560 550 540 530 520 510 500 490 480 470 460 450 440 430 420 410 400 390 380 370 360 350 340 330 320 310 300 290 280 270 260 250 240 230 220 210 206 202 198 194 190 186 182 178 174 170 166 162 158 154 150 154 158 162 166 170 174 178 182 186
556 546 536 526 516 506 496 486 476 466 456 446 436 426 416 406 396 386 376 366 356 346 336 326 316 306 296 286 276 266 256 246 236 226 216 206 196 192 188 184 180 176 172 168 164 160 156 152 148 144 140 144 148 152 156 160 164 168 172 176
552 542 532 522 512 502 492 482 472 462 452 442 432 422 412 402 392 382 372 362 352 342 332 322 312 302 292 282 272 262 252 242 232 222 212 202 192 182 178 174 170 166 162 158 154 150 146 142 138 134 130 134 138 142 146 150 154 158 162 166
548 538 528 518 508 498 488 478 468 458 448 438 428 418 408 398 388 378 368 358 348 338 328 318 308 298 288 278 268 258 248 238 228 218 208 198 188 178 168 164 160 156 152 148 144 140 136 132 128 124 120 124 128 132 136 140 144 148 152 156
544 534 524 514 504 494 484 474 464 454 444 434 424 414 404 394 384 374 364 354 344 334 324 314 304 294 284 274 264 254 244 234 224 214 204 194 184 174 164 154 150 146 142 138 134 130 126 122 118 114 110 114 118 122 126 130 134 138 142 146
540 530 520 510 500 490 480 470 460 450 440 430 420 410 400 390 380 370 360 350 340 330 320 310 300 290 280 270 260 250 240 230 220 210 200 190 180 170 160 150 140 136 132 128 124 120 116 112 108 104 100 104 108 112 116 120 124 128 132 136
536 526 516 506 496 486 476 466 456 446 436 426 416 406 396 386 376 366 356 346 336 326 316 306 296 286 276 266 256 246 236 226 216 206 196 186 176 166 156 146 136 126 122 118 114 110 106 102 098 094 090 094 098 102 106 110 114 118 122 126
532 522 512 502 492 482 472 462 452 442 432 422 412 402 392 382 372 362 352 342 332 322 312 302 292 282 272 262 252 242 232 222 212 202 192 182 172 162 152 142 132 122 112 108 104 100 096 092 088 084 080 084 088 092 096 100 104 108 112 122
528 518 508 498 488 478 468 458 448 438 428 418 408 398 388 378 368 358 348 338 328 318 308 298 288 278 268 258 248 238 228 218 208 198 188 178 168 158 148 138 128 118 108 098 094 090 086 082 078 074 070 074 078 082 086 090 094 098 108 118
524 514 504 494 484 474 464 454 444 434 424 414 404 394 384 374 364 354 344 334 324 314 304 294 284 274 264 254 244 234 224 214 204 194 184 174 164 154 144 134 124 114 104 094 084 080 076 072 068 064 060 064 068 072 076 080 084 094 104 114
520 510 500 490 480 470 460 450 440 430 420 410 400 390 380 370 360 350 340 330 320 310 300 290 280 270 260 250 240 230 220 210 200 190 180 170 160 150 140 130 120 110 100 090 080 070 066 062 058 054 050 054 058 062 066 070 080 090 100 110
516 506 496 486 476 466 456 446 436 426 416 406 396 386 376 366 356 346 336 326 316 306 296 286 276 266 256 246 236 226 216 206 196 186 176 166 156 146 136 126 116 106 096 086 076 066 056 052 048 044 040 044 048 052 056 066 076 086 096 106
512 502 492 482 472 462 452 442 432 422 412 402 392 382 372 362 352 342 332 322 312 302 292 282 272 262 252 242 232 222 212 202 192 182 172 162 152 142 132 122 112 102 092 082 072 062 052 042 038 034 030 034 038 042 052 062 072 082 092 102
508 498 488 478 468 458 448 438 428 418 408 398 388 378 368 358 348 338 328 318 308 298 288 278 268 258 248 238 228 218 208 198 188 178 168 158 148 138 128 118 108 098 088 078 068 058 048 038 028 024 020 024 028 038 048 058 068 078 088 098
504 494 484 474 464 454 444 434 424 414 404 394 384 374 364 354 344 334 324 314 304 294 284 274 264 254 244 234 224 214 204 194 184 174 164 154 144 134 124 114 104 094 084 074 064 054 044 034 024 014 010 014 024 034 044 054 064 074 084 094
500 490 480 470 460 450 440 430 420 410 400 390 380 370 360 350 340 330 320 310 300 290 280 270 260 250 240 230 220 210 200 190 180 170 160 150 140 130 120 110 100 090 080 070 060 050 040 030 020 010 000 010 020 030 040 050 060 070 080 090
504 494 484 474 464 454 444 434 424 414 404 394 384 374 364 354 344 334 324 314 304 294 284 274 264 254 244 234 224 214 204 194 184 174 164 154 144 134 124 114 104 094 084 074 064 054 044 034 024 014 010 014 024 034 044 054 064 074 084 094
508 498 488 478 468 458 448 438 428 418 408 398 388 378 368 358 348 338 328 318 308 298 288 278 268 258 248 238 228 218 208 198 188 178 168 158 148 138 128 118 108 098 088 078 068 058 048 038 028 024 020 024 028 038 048 058 068 078 088 098
512 502 492 482 472 462 452 442 432 422 412 402 392 382 372 362 352 342 332 322 312 302 292 282 272 262 252 242 232 222 212 202 192 182 172 162 152 142 132 122 112 102 092 082 072 062 052 042 038 034 030 034 038 042 052 062 072 082 092 102
516 506 496 486 476 466 456 446 436 426 416 406 396 386 376 366 356 346 336 326 316 306 296 286 276 266 256 246 236 226 216 206 196 186 176 166 156 146 136 126 116 106 096 086 076 066 056 052 048 044 040 044 048 052 056 066 076 086 096 106
520 510 500 490 480 470 460 450 440 430 420 410 400 390 380 370 360 350 340 330 320 310 300 290 280 270 260 250 240 230 220 210 200 190 180 170 160 150 140 130 120 110 100 090 080 070 066 062 058 054 050 054 058 062 066 070 080 090 100 110
524 514 504 494 484 474 464 454 444 434 424 414 404 394 384 374 364 354 344 334 324 314 304 294 284 274 264 254 244 234 224 214 204 194 184 174 164 154 144 134 124 114 104 094 084 080 076 072 068 064 060 064 068 072 076 080 084 094 104 114
528 518 508 498 488 478 468 458 448 438 428 418 408 398 388 378 368 358 348 338 328 318 308 298 288 278 268 258 248 238 228 218 208 198 188 178 168 158 148 138 128 118 108 098 094 090 086 082 078 074 070 074 078 082 086 090 094 098 108 118
532 522 512 502 492 482 472 462 452 442 432 422 412 402 392 382 372 362 352 342 332 322 312 302 292 282 272 262 252 242 232 222 212 202 192 182 172 162 152 142 132 122 112 108 104 100 096 092 088 084 080 084 088 092 096 100 104 108 112 122
536 526 516 506 496 486 476 466 456 446 436 426 416 406 396 386 376 366 356 346 336 326 316 306 296 286 276 266 256 246 236 226 216 206 196 186 176 166 156 146 136 126 122 118 114 110 106 102 098 094 090 094 098 102 106 110 114 118 122 126
540 530 520 510 500 490 480 470 460 450 440 430 420 410 400 390 380 370 360 350 340 330 320 310 300 290 280 270 260 250 240 230 220 210 200 190 180 170 160 150 140 136 132 128 124 120 116 112 108 104 100 104 108 112 116 120 124 128 132 136
544 534 524 514 504 494 484 474 464 454 444 434 424 414 404 394 384 374 364 354 344 334 324 314 304 294 284 274 264 254 244 234 224 214 204 194 184 174 164 154 150 146 142 138 134 130 126 122 118 114 110 114 118 122 126 130 134 138 142 146
548 538 528 518 508 498 488 478 468 458 448 438 428 418 408 398 388 378 368 358 348 338 328 318 308 298 288 278 268 258 248 238 228 218 208 198 188 178 168 164 160 156 152 148 144 140 136 132 128 124 120 124 128 132 136 140 144 148 152 156
552 542 532 522 512 502 492 482 472 462 452 442 432 422 412 402 392 382 372 362 352 342 332 322 312 302 292 282 272 262 252 242 232 222 212 202 192 182 178 174 170 166 162 158 154 150 146 142 138 134 130 134 138 142 146 150 154 158 162 166
556 546 536 526 516 506 496 486 476 466 456 446 436 426 416 406 396 386 376 366 356 346 336 326 316 306 296 286 276 266 256 246 236 226 216 206 196 192 188 184 180 176 172 168 164 160 156 152 148 144 140 144 148 152 156 160 164 168 172 176
560 550 540 530 520 510 500 490 480 470 460 450 440 430 420 410 400 390 380 370 360 350 340 330 320 310 300 290 280 270 260 250 240 230 220 210 206 202 198 194 190 186 182 178 174 170 166 162 158 154 150 154 158 162 166 170 174 178 182 186
564 554 544 534 524 514 504 494 484 474 464 454 444 434 424 414 404 394 384 374 364 354 344 334 324 314 304 294 284 274 264 254 244 234 224 220 216 212 208 204 200 196 192 188 184 180 176 172 168 164 160 164 168 172 176 180 184 188 192 196
568 558 548 538 528 518 508 498 488 478 468 458 448 438 428 418 408 398 388 378 368 358 348 338 328 318 308 298 288 278 268 258 248 238 234 230 226 222 218 214 210 206 202 198 194 190 186 182 178 174 170 174 178 182 186 190 194 198 202 206
572 562 552 542 532 522 512 502 492 482 472 462 452 442 432 422 412 402 392 382 372 362 352 342 332 322 312 302 292 282 272 262 252 248 244 240 236 232 228 224 220 216 212 208 204 200 196 192 188 184 180 184 188 192 196 200 204 208 212 216
576 566 556 546 536 526 516 506 496 486 476 466 456 446 436 426 416 406 396 386 376 366 356 346 336 326 316 306 296 286 276 266 262 258 254 250 246 242 238 234 230 226 222 218 214 210 206 202 198 194 190 194 198 202 206 210 214 218 222 226
580 570 560 550 540 530 520 510 500 490 480 470 460 450 440 430 420 410 400 390 380 370 360 350 340 330 320 310 300 290 280 276 272 268 264 260 256 252 248 244 240 236 232 228 224 220 216 212 208 204 200 204 208 212 216 220 224 228 232 236
584 574 564 554 544 534 524 514 504 494 484 474 464 454 444 434 424 414 404 394 384 374 364 354 344 334 324 314 304 294 290 286 282 278 274 270 266 262 258 254 250 246 242 238 234 230 226 222 218 214 210 214 218 222 226 230 234 238 242 246
588 578 568 558 548 538 528 518 508 498 488 478 468 458 448 438 428 418 408 398 388 378 368 358 348 338 328 318 308 304 300 296 292 288 284 280 276 272 268 264 260 256 252 248 244 240 236 232 228 224 220 224 228 232 236 240 244 248 252 256
592 582 572 562 552 542 532 522 512 502 492 482 472 462 452 442 432 422 412 402 392 382 372 362 352 342 332 322 318 314 310 306 302 298 294 290 286 282 278 274 270 266 262 258 254 250 246 242 238 234 230 234 238 242 246 250 254 258 262 266
596 586 576 566 556 546 536 526 516 506 496 486 476 466 456 446 436 426 416 406 396 386 376 366 356 346 336 332 328 324 320 316 312 308 304 300 296 292 288 284 280 276 272 268 264 260 256 252 248 244 240 244 248 252 256 260 264 268 272 276
600 590 580 570 560 550 540 530 520 510 500 490 480 470 460 450 440 430 420 410 400 390 380 370 360 350 346 342 338 334 330 326 322 318 314 310 306 302 298 294 290 286 282 278 274 270 266 262 258 254 250 254 258 262 266 270 274 278 282 286
604 594 584 574 564 554 544 534 524 514 504 494 484 474 464 454 444 434 424 414 404 394 384 374 364 360 356 352 348 344 340 336 332 328 324 320 316 312 308 304 300 296 292 288 284 280 276 272 268 264 260 264 268 272 276 280 284 288 292 296
608 598 588 578 568 558 548 538 528 518 508 498 488 478 468 458 448 438 428 418 408 398 388 378 374 370 366 362 358 354 350 346 342 338 334 330 326 322 318 314 310 306 302 298 294 290 286 282 278 274 270 274 278 282 286 290 294 298 302 306
612 602 592 582 572 562 552 542 532 522 512 502 492 482 472 462 452 442 432 422 412 402 392 388 384 380 376 372 368 364 360 356 352 348 344 340 336 332 328 324 320 316 312 308 304 300 296 292 288 284 280 284 288 292 296 300 304 308 312 316
616 606 596 586 576 566 556 546 536 526 516 506 496 486 476 466 456 446 436 426 416 406 402 398 394 390 386 382 378 374 370 366 362 358 354 350 346 342 338 334 330 326 322 318 314 310 306 302 298 294 290 294 298 302 306 310 314 318 322 326
